it is apartment @(0,1,0,0,0,0,60,6,90) #1-#240
camera looks #1-#30 @(0.9,-60,23.3,0,0,0,1,1,1)
lady is running #1-#30 @(6.2,0,23.4,180,0,0,1,1,1)-@(0.9,0,23.7,180,0,0,1,1,1)
camera looks #31-#90 @(0.9,-60,23.3,0,0,0,1,1,1)-@(-9.2,-60,4.4,0,0,0,1,1,1)
lady is running #31-#60 @f(Y_jump1)
lady is running #61-#90 @(-9.2,0,4.4,180,0,0,1,1,1)-@(-18,0,4.7,180,0,0,1,1,1)
camera looks #121-#180 @(-9.2,-60,4.4,0,0,0,1,1,1)-@(-0.7,-60,-16.7,0,0,0,1,1,1)
lady is running #91-#120 @(-18,0,4.7,0,0,0,1,1,1)-@(-9.2,0,4.4,0,0,0,1,1,1)
lady is running #121-#150 @f(Y_jump2)
lady is running #151-#180 @(-0.7,0,-16.7,0,0,0,1,1,1)-@(7.8,0,-16.7,0,0,0,1,1,1)
camera looks #190-#210 @(-0.7,-60,-16.7,0,0,0,1,1,1)-@(0,-120,0,0,0,0,1,1,1)
lady is running #181-#184 @(7.8,0,-16.7,0,0,0,1,1,1)-@(8.8,2,-15,0,0,0,1,1,1)